0 0 0 0 0 0 0 0 0 0 0 0 0 0 0 
0 0 0 0 0 0 0 0 0 0 0 0 0 0 0 
0 0 0 0 0 0 0 0 0 0 0 0 0 0 0 
0 0 0 6000 20 20 0 0 0 0 0 0 0 0 0 
0 0 0 20 0 420 6000 20 20 20000 0 0 0 0 0 
0 0 0 40 460 0 6440 60 0 20 0 0 0 0 0 
0 20 420 20040 0 0 0 0 20040 40 0 0 0 0 0 
0 400 0 0 480 6460 0 6080 0 20 0 0 0 0 0 
0 20 6040 6060 0 0 0 6440 40 400 0 0 0 0 0 
0 0 20 0 20060 460 6060 0 20 0 0 0 0 0 0 
0 0 400 20 40 0 40 20 400 0 0 0 0 0 0 
0 0 0 0 40 40 20 0 0 0 0 0 0 0 0 
0 0 0 20 0 40 20 0 0 0 0 0 0 0 0 
0 0 0 20 40 0 6020 20 0 0 0 0 0 0 0 
0 0 0 0 20 440 0 440 400 0 0 0 0 0 0 
0 0 0 0 0 440 0 0 440 20 0 0 0 0 0 
0 0 0 0 0 6020 0 0 0 6000 0 0 0 0 0 
0 0 0 0 0 400 6420 440 420 0 0 0 0 0 0 
0 0 0 0 0 0 0 0 0 0 0 0 0 0 0 
0 0 0 0 0 0 0 0 0 0 0 0 0 0 0 
